{
 "cells": [
  {
   "cell_type": "code",
   "execution_count": 1,
   "metadata": {
    "colab": {},
    "colab_type": "code",
    "id": "P7htKu9MHh30"
   },
   "outputs": [],
   "source": [
    "import numpy as np"
   ]
  },
  {
   "cell_type": "code",
   "execution_count": 2,
   "metadata": {
    "colab": {},
    "colab_type": "code",
    "id": "z-3fysQ1Mqai"
   },
   "outputs": [],
   "source": [
    "import pandas as pd"
   ]
  },
  {
   "cell_type": "code",
   "execution_count": 45,
   "metadata": {},
   "outputs": [],
   "source": [
    "from matplotlib import pyplot as plt"
   ]
  },
  {
   "cell_type": "code",
   "execution_count": 3,
   "metadata": {
    "colab": {
     "base_uri": "https://localhost:8080/",
     "height": 394
    },
    "colab_type": "code",
    "id": "Du9MpCcXNWYf",
    "outputId": "9dafc6bd-3c28-4e16-c2f5-e8bbf1021aa8"
   },
   "outputs": [],
   "source": [
    "ratings = pd.read_csv(\"ml-latest-small/ratings.csv\")"
   ]
  },
  {
   "cell_type": "code",
   "execution_count": 4,
   "metadata": {
    "colab": {},
    "colab_type": "code",
    "id": "253caAXvOc9U"
   },
   "outputs": [],
   "source": [
    "from sklearn.model_selection import train_test_split"
   ]
  },
  {
   "cell_type": "code",
   "execution_count": 5,
   "metadata": {
    "colab": {
     "base_uri": "https://localhost:8080/",
     "height": 172
    },
    "colab_type": "code",
    "id": "sFnyndbASUsf",
    "outputId": "6b69bc6d-446a-4d58-8b94-a3215d9fe990"
   },
   "outputs": [
    {
     "data": {
      "text/html": [
       "<div>\n",
       "<style scoped>\n",
       "    .dataframe tbody tr th:only-of-type {\n",
       "        vertical-align: middle;\n",
       "    }\n",
       "\n",
       "    .dataframe tbody tr th {\n",
       "        vertical-align: top;\n",
       "    }\n",
       "\n",
       "    .dataframe thead th {\n",
       "        text-align: right;\n",
       "    }\n",
       "</style>\n",
       "<table border=\"1\" class=\"dataframe\">\n",
       "  <thead>\n",
       "    <tr style=\"text-align: right;\">\n",
       "      <th></th>\n",
       "      <th>userId</th>\n",
       "      <th>movieId</th>\n",
       "      <th>rating</th>\n",
       "      <th>timestamp</th>\n",
       "    </tr>\n",
       "  </thead>\n",
       "  <tbody>\n",
       "    <tr>\n",
       "      <th>0</th>\n",
       "      <td>1</td>\n",
       "      <td>1</td>\n",
       "      <td>4.0</td>\n",
       "      <td>964982703</td>\n",
       "    </tr>\n",
       "    <tr>\n",
       "      <th>1</th>\n",
       "      <td>1</td>\n",
       "      <td>3</td>\n",
       "      <td>4.0</td>\n",
       "      <td>964981247</td>\n",
       "    </tr>\n",
       "    <tr>\n",
       "      <th>2</th>\n",
       "      <td>1</td>\n",
       "      <td>6</td>\n",
       "      <td>4.0</td>\n",
       "      <td>964982224</td>\n",
       "    </tr>\n",
       "    <tr>\n",
       "      <th>3</th>\n",
       "      <td>1</td>\n",
       "      <td>47</td>\n",
       "      <td>5.0</td>\n",
       "      <td>964983815</td>\n",
       "    </tr>\n",
       "    <tr>\n",
       "      <th>4</th>\n",
       "      <td>1</td>\n",
       "      <td>50</td>\n",
       "      <td>5.0</td>\n",
       "      <td>964982931</td>\n",
       "    </tr>\n",
       "    <tr>\n",
       "      <th>5</th>\n",
       "      <td>1</td>\n",
       "      <td>70</td>\n",
       "      <td>3.0</td>\n",
       "      <td>964982400</td>\n",
       "    </tr>\n",
       "    <tr>\n",
       "      <th>6</th>\n",
       "      <td>1</td>\n",
       "      <td>101</td>\n",
       "      <td>5.0</td>\n",
       "      <td>964980868</td>\n",
       "    </tr>\n",
       "    <tr>\n",
       "      <th>7</th>\n",
       "      <td>1</td>\n",
       "      <td>110</td>\n",
       "      <td>4.0</td>\n",
       "      <td>964982176</td>\n",
       "    </tr>\n",
       "    <tr>\n",
       "      <th>8</th>\n",
       "      <td>1</td>\n",
       "      <td>151</td>\n",
       "      <td>5.0</td>\n",
       "      <td>964984041</td>\n",
       "    </tr>\n",
       "    <tr>\n",
       "      <th>9</th>\n",
       "      <td>1</td>\n",
       "      <td>157</td>\n",
       "      <td>5.0</td>\n",
       "      <td>964984100</td>\n",
       "    </tr>\n",
       "  </tbody>\n",
       "</table>\n",
       "</div>"
      ],
      "text/plain": [
       "   userId  movieId  rating  timestamp\n",
       "0       1        1     4.0  964982703\n",
       "1       1        3     4.0  964981247\n",
       "2       1        6     4.0  964982224\n",
       "3       1       47     5.0  964983815\n",
       "4       1       50     5.0  964982931\n",
       "5       1       70     3.0  964982400\n",
       "6       1      101     5.0  964980868\n",
       "7       1      110     4.0  964982176\n",
       "8       1      151     5.0  964984041\n",
       "9       1      157     5.0  964984100"
      ]
     },
     "execution_count": 5,
     "metadata": {},
     "output_type": "execute_result"
    }
   ],
   "source": [
    "ratings.head(10)"
   ]
  },
  {
   "cell_type": "code",
   "execution_count": 6,
   "metadata": {
    "colab": {
     "base_uri": "https://localhost:8080/",
     "height": 235
    },
    "colab_type": "code",
    "id": "Ur8Z92kNTR61",
    "outputId": "6be16b7a-8c1a-4eea-d965-e2e4fea18d86"
   },
   "outputs": [
    {
     "data": {
      "text/html": [
       "<div>\n",
       "<style scoped>\n",
       "    .dataframe tbody tr th:only-of-type {\n",
       "        vertical-align: middle;\n",
       "    }\n",
       "\n",
       "    .dataframe tbody tr th {\n",
       "        vertical-align: top;\n",
       "    }\n",
       "\n",
       "    .dataframe thead th {\n",
       "        text-align: right;\n",
       "    }\n",
       "</style>\n",
       "<table border=\"1\" class=\"dataframe\">\n",
       "  <thead>\n",
       "    <tr style=\"text-align: right;\">\n",
       "      <th></th>\n",
       "      <th>movieId</th>\n",
       "      <th>rating</th>\n",
       "      <th>timestamp</th>\n",
       "    </tr>\n",
       "    <tr>\n",
       "      <th>userId</th>\n",
       "      <th></th>\n",
       "      <th></th>\n",
       "      <th></th>\n",
       "    </tr>\n",
       "  </thead>\n",
       "  <tbody>\n",
       "    <tr>\n",
       "      <th>606</th>\n",
       "      <td>1115</td>\n",
       "      <td>1115</td>\n",
       "      <td>1115</td>\n",
       "    </tr>\n",
       "    <tr>\n",
       "      <th>607</th>\n",
       "      <td>187</td>\n",
       "      <td>187</td>\n",
       "      <td>187</td>\n",
       "    </tr>\n",
       "    <tr>\n",
       "      <th>608</th>\n",
       "      <td>831</td>\n",
       "      <td>831</td>\n",
       "      <td>831</td>\n",
       "    </tr>\n",
       "    <tr>\n",
       "      <th>609</th>\n",
       "      <td>37</td>\n",
       "      <td>37</td>\n",
       "      <td>37</td>\n",
       "    </tr>\n",
       "    <tr>\n",
       "      <th>610</th>\n",
       "      <td>1302</td>\n",
       "      <td>1302</td>\n",
       "      <td>1302</td>\n",
       "    </tr>\n",
       "  </tbody>\n",
       "</table>\n",
       "</div>"
      ],
      "text/plain": [
       "        movieId  rating  timestamp\n",
       "userId                            \n",
       "606        1115    1115       1115\n",
       "607         187     187        187\n",
       "608         831     831        831\n",
       "609          37      37         37\n",
       "610        1302    1302       1302"
      ]
     },
     "execution_count": 6,
     "metadata": {},
     "output_type": "execute_result"
    }
   ],
   "source": [
    "df = ratings.groupby(\"userId\").count()\n",
    "df.tail()"
   ]
  },
  {
   "cell_type": "code",
   "execution_count": 7,
   "metadata": {
    "colab": {
     "base_uri": "https://localhost:8080/",
     "height": 502
    },
    "colab_type": "code",
    "id": "E3n1S5xqx_lN",
    "outputId": "6a830b4d-bd84-499f-ae94-7459c3b82a6a"
   },
   "outputs": [
    {
     "ename": "KeyError",
     "evalue": "0",
     "output_type": "error",
     "traceback": [
      "\u001b[0;31m---------------------------------------------------------------------------\u001b[0m",
      "\u001b[0;31mKeyError\u001b[0m                                  Traceback (most recent call last)",
      "\u001b[0;32m<ipython-input-7-f38ec4baeca3>\u001b[0m in \u001b[0;36m<module>\u001b[0;34m\u001b[0m\n\u001b[0;32m----> 1\u001b[0;31m \u001b[0mdf\u001b[0m\u001b[0;34m[\u001b[0m\u001b[0;34m\"movieId\"\u001b[0m\u001b[0;34m]\u001b[0m\u001b[0;34m[\u001b[0m\u001b[0;36m0\u001b[0m\u001b[0;34m]\u001b[0m\u001b[0;34m\u001b[0m\u001b[0;34m\u001b[0m\u001b[0m\n\u001b[0m",
      "\u001b[0;32m~/anaconda3/lib/python3.7/site-packages/pandas/core/series.py\u001b[0m in \u001b[0;36m__getitem__\u001b[0;34m(self, key)\u001b[0m\n\u001b[1;32m    765\u001b[0m         \u001b[0mkey\u001b[0m \u001b[0;34m=\u001b[0m \u001b[0mcom\u001b[0m\u001b[0;34m.\u001b[0m\u001b[0m_apply_if_callable\u001b[0m\u001b[0;34m(\u001b[0m\u001b[0mkey\u001b[0m\u001b[0;34m,\u001b[0m \u001b[0mself\u001b[0m\u001b[0;34m)\u001b[0m\u001b[0;34m\u001b[0m\u001b[0;34m\u001b[0m\u001b[0m\n\u001b[1;32m    766\u001b[0m         \u001b[0;32mtry\u001b[0m\u001b[0;34m:\u001b[0m\u001b[0;34m\u001b[0m\u001b[0;34m\u001b[0m\u001b[0m\n\u001b[0;32m--> 767\u001b[0;31m             \u001b[0mresult\u001b[0m \u001b[0;34m=\u001b[0m \u001b[0mself\u001b[0m\u001b[0;34m.\u001b[0m\u001b[0mindex\u001b[0m\u001b[0;34m.\u001b[0m\u001b[0mget_value\u001b[0m\u001b[0;34m(\u001b[0m\u001b[0mself\u001b[0m\u001b[0;34m,\u001b[0m \u001b[0mkey\u001b[0m\u001b[0;34m)\u001b[0m\u001b[0;34m\u001b[0m\u001b[0;34m\u001b[0m\u001b[0m\n\u001b[0m\u001b[1;32m    768\u001b[0m \u001b[0;34m\u001b[0m\u001b[0m\n\u001b[1;32m    769\u001b[0m             \u001b[0;32mif\u001b[0m \u001b[0;32mnot\u001b[0m \u001b[0mis_scalar\u001b[0m\u001b[0;34m(\u001b[0m\u001b[0mresult\u001b[0m\u001b[0;34m)\u001b[0m\u001b[0;34m:\u001b[0m\u001b[0;34m\u001b[0m\u001b[0;34m\u001b[0m\u001b[0m\n",
      "\u001b[0;32m~/anaconda3/lib/python3.7/site-packages/pandas/core/indexes/base.py\u001b[0m in \u001b[0;36mget_value\u001b[0;34m(self, series, key)\u001b[0m\n\u001b[1;32m   3116\u001b[0m         \u001b[0;32mtry\u001b[0m\u001b[0;34m:\u001b[0m\u001b[0;34m\u001b[0m\u001b[0;34m\u001b[0m\u001b[0m\n\u001b[1;32m   3117\u001b[0m             return self._engine.get_value(s, k,\n\u001b[0;32m-> 3118\u001b[0;31m                                           tz=getattr(series.dtype, 'tz', None))\n\u001b[0m\u001b[1;32m   3119\u001b[0m         \u001b[0;32mexcept\u001b[0m \u001b[0mKeyError\u001b[0m \u001b[0;32mas\u001b[0m \u001b[0me1\u001b[0m\u001b[0;34m:\u001b[0m\u001b[0;34m\u001b[0m\u001b[0;34m\u001b[0m\u001b[0m\n\u001b[1;32m   3120\u001b[0m             \u001b[0;32mif\u001b[0m \u001b[0mlen\u001b[0m\u001b[0;34m(\u001b[0m\u001b[0mself\u001b[0m\u001b[0;34m)\u001b[0m \u001b[0;34m>\u001b[0m \u001b[0;36m0\u001b[0m \u001b[0;32mand\u001b[0m \u001b[0mself\u001b[0m\u001b[0;34m.\u001b[0m\u001b[0minferred_type\u001b[0m \u001b[0;32min\u001b[0m \u001b[0;34m[\u001b[0m\u001b[0;34m'integer'\u001b[0m\u001b[0;34m,\u001b[0m \u001b[0;34m'boolean'\u001b[0m\u001b[0;34m]\u001b[0m\u001b[0;34m:\u001b[0m\u001b[0;34m\u001b[0m\u001b[0;34m\u001b[0m\u001b[0m\n",
      "\u001b[0;32mpandas/_libs/index.pyx\u001b[0m in \u001b[0;36mpandas._libs.index.IndexEngine.get_value\u001b[0;34m()\u001b[0m\n",
      "\u001b[0;32mpandas/_libs/index.pyx\u001b[0m in \u001b[0;36mpandas._libs.index.IndexEngine.get_value\u001b[0;34m()\u001b[0m\n",
      "\u001b[0;32mpandas/_libs/index.pyx\u001b[0m in \u001b[0;36mpandas._libs.index.IndexEngine.get_loc\u001b[0;34m()\u001b[0m\n",
      "\u001b[0;32mpandas/_libs/hashtable_class_helper.pxi\u001b[0m in \u001b[0;36mpandas._libs.hashtable.Int64HashTable.get_item\u001b[0;34m()\u001b[0m\n",
      "\u001b[0;32mpandas/_libs/hashtable_class_helper.pxi\u001b[0m in \u001b[0;36mpandas._libs.hashtable.Int64HashTable.get_item\u001b[0;34m()\u001b[0m\n",
      "\u001b[0;31mKeyError\u001b[0m: 0"
     ]
    }
   ],
   "source": [
    "df[\"movieId\"][0]"
   ]
  },
  {
   "cell_type": "code",
   "execution_count": 9,
   "metadata": {
    "colab": {},
    "colab_type": "code",
    "id": "eAGsUtFHTy2o"
   },
   "outputs": [],
   "source": [
    "movies = pd.read_csv(\"ml-latest-small/movies.csv\")"
   ]
  },
  {
   "cell_type": "code",
   "execution_count": 10,
   "metadata": {
    "colab": {
     "base_uri": "https://localhost:8080/",
     "height": 204
    },
    "colab_type": "code",
    "id": "R3DQwecqYA4u",
    "outputId": "3dd5ea81-7caf-4a8f-a409-2377d17ec8a1"
   },
   "outputs": [
    {
     "data": {
      "text/html": [
       "<div>\n",
       "<style scoped>\n",
       "    .dataframe tbody tr th:only-of-type {\n",
       "        vertical-align: middle;\n",
       "    }\n",
       "\n",
       "    .dataframe tbody tr th {\n",
       "        vertical-align: top;\n",
       "    }\n",
       "\n",
       "    .dataframe thead th {\n",
       "        text-align: right;\n",
       "    }\n",
       "</style>\n",
       "<table border=\"1\" class=\"dataframe\">\n",
       "  <thead>\n",
       "    <tr style=\"text-align: right;\">\n",
       "      <th></th>\n",
       "      <th>movieId</th>\n",
       "      <th>title</th>\n",
       "      <th>genres</th>\n",
       "      <th>lis</th>\n",
       "    </tr>\n",
       "  </thead>\n",
       "  <tbody>\n",
       "    <tr>\n",
       "      <th>0</th>\n",
       "      <td>1</td>\n",
       "      <td>Toy Story (1995)</td>\n",
       "      <td>Adventure|Animation|Children|Comedy|Fantasy</td>\n",
       "      <td>[Adventure, Animation, Children, Comedy, Fantasy]</td>\n",
       "    </tr>\n",
       "    <tr>\n",
       "      <th>1</th>\n",
       "      <td>2</td>\n",
       "      <td>Jumanji (1995)</td>\n",
       "      <td>Adventure|Children|Fantasy</td>\n",
       "      <td>[Adventure, Children, Fantasy]</td>\n",
       "    </tr>\n",
       "    <tr>\n",
       "      <th>2</th>\n",
       "      <td>3</td>\n",
       "      <td>Grumpier Old Men (1995)</td>\n",
       "      <td>Comedy|Romance</td>\n",
       "      <td>[Comedy, Romance]</td>\n",
       "    </tr>\n",
       "    <tr>\n",
       "      <th>3</th>\n",
       "      <td>4</td>\n",
       "      <td>Waiting to Exhale (1995)</td>\n",
       "      <td>Comedy|Drama|Romance</td>\n",
       "      <td>[Comedy, Drama, Romance]</td>\n",
       "    </tr>\n",
       "    <tr>\n",
       "      <th>4</th>\n",
       "      <td>5</td>\n",
       "      <td>Father of the Bride Part II (1995)</td>\n",
       "      <td>Comedy</td>\n",
       "      <td>[Comedy]</td>\n",
       "    </tr>\n",
       "  </tbody>\n",
       "</table>\n",
       "</div>"
      ],
      "text/plain": [
       "   movieId                               title  \\\n",
       "0        1                    Toy Story (1995)   \n",
       "1        2                      Jumanji (1995)   \n",
       "2        3             Grumpier Old Men (1995)   \n",
       "3        4            Waiting to Exhale (1995)   \n",
       "4        5  Father of the Bride Part II (1995)   \n",
       "\n",
       "                                        genres  \\\n",
       "0  Adventure|Animation|Children|Comedy|Fantasy   \n",
       "1                   Adventure|Children|Fantasy   \n",
       "2                               Comedy|Romance   \n",
       "3                         Comedy|Drama|Romance   \n",
       "4                                       Comedy   \n",
       "\n",
       "                                                 lis  \n",
       "0  [Adventure, Animation, Children, Comedy, Fantasy]  \n",
       "1                     [Adventure, Children, Fantasy]  \n",
       "2                                  [Comedy, Romance]  \n",
       "3                           [Comedy, Drama, Romance]  \n",
       "4                                           [Comedy]  "
      ]
     },
     "execution_count": 10,
     "metadata": {},
     "output_type": "execute_result"
    }
   ],
   "source": [
    "movies[\"lis\"] = movies.apply(lambda r: list(r.genres.split(\"|\")),axis=1)\n",
    "movies.head()"
   ]
  },
  {
   "cell_type": "code",
   "execution_count": 11,
   "metadata": {
    "colab": {},
    "colab_type": "code",
    "id": "8URZipYEhx5_"
   },
   "outputs": [],
   "source": [
    "mmap = {1: \"Action\",\n",
    "2: \"Adventure\",\n",
    "3: \"Animation\",\n",
    "4: \"Children\",\n",
    "5: \"Comedy\",\n",
    "6: \"Crime\",\n",
    "7: \"Documentary\",\n",
    "8: \"Drama\",\n",
    "9: \"Fantasy\",\n",
    "10: \"Film-Noir\",\n",
    "11: \"Horror\",\n",
    "12: \"Musical\",\n",
    "13: \"Mystery\",\n",
    "14: \"Romance\",\n",
    "15: \"Sci-Fi\",\n",
    "16: \"Thriller\",\n",
    "17: \"War\",\n",
    "18: \"Western\",\n",
    "19: \"(no genres listed)\"}\n",
    "mmap = {value:key for key, value in mmap.items()}"
   ]
  },
  {
   "cell_type": "code",
   "execution_count": 12,
   "metadata": {
    "colab": {
     "base_uri": "https://localhost:8080/",
     "height": 35
    },
    "colab_type": "code",
    "id": "5nMRkEO-Zkak",
    "outputId": "9b942f92-a0b5-4831-91ba-83150a20a026"
   },
   "outputs": [
    {
     "data": {
      "text/plain": [
       "[5, 14]"
      ]
     },
     "execution_count": 12,
     "metadata": {},
     "output_type": "execute_result"
    }
   ],
   "source": [
    "moviemap = {}\n",
    "keysofmap = mmap.keys()\n",
    "for ind in movies.index:\n",
    "    moviemap[int(movies[\"movieId\"][ind])] = [mmap[movie] for movie in movies[\"lis\"][ind] if movie in keysofmap]\n",
    "moviemap[3]"
   ]
  },
  {
   "cell_type": "code",
   "execution_count": 32,
   "metadata": {
    "colab": {},
    "colab_type": "code",
    "id": "ffX2Bi8kcDXI"
   },
   "outputs": [],
   "source": [
    "matrix = np.zeros((611,20))\n",
    "counter = np.zeros((611,20))\n",
    "\n",
    "for rate in ratings.index:\n",
    "    # matrix[]\n",
    "    uid = ratings[\"userId\"][rate]\n",
    "    for genre in moviemap[ratings[\"movieId\"][rate]]:\n",
    "        matrix[uid][genre] = matrix[uid][genre] + ratings[\"rating\"][rate]\n",
    "        counter[uid][genre] = counter[uid][genre] + 1\n",
    "#     matrix[rate] = matrix[rate] / df[\"movieId\"][uid]"
   ]
  },
  {
   "cell_type": "code",
   "execution_count": 76,
   "metadata": {
    "colab": {
     "base_uri": "https://localhost:8080/",
     "height": 143
    },
    "colab_type": "code",
    "id": "S0dLcmuSmUFp",
    "outputId": "7befb46a-df45-4d2d-f58e-fdf19448bd10",
    "scrolled": true
   },
   "outputs": [
    {
     "data": {
      "text/plain": [
       "array([[ 389. ,  373. ,  136. , ...,   99. ,   30. ,    0. ],\n",
       "       [  43.5,   12.5,    0. , ...,    4.5,    3.5,    0. ],\n",
       "       [  50. ,   30. ,    2. , ...,    2.5,    0. ,    0. ],\n",
       "       ...,\n",
       "       [ 922.5,  583. ,  171.5, ...,   68. ,   29. ,    0. ],\n",
       "       [  34. ,   32. ,    3. , ...,   14. ,    4. ,    0. ],\n",
       "       [1861.5,  989.5,  257.5, ...,  177.5,  123.5,    0. ]])"
      ]
     },
     "execution_count": 76,
     "metadata": {},
     "output_type": "execute_result"
    }
   ],
   "source": [
    "temp = matrix\n",
    "matrix"
   ]
  },
  {
   "cell_type": "code",
   "execution_count": 75,
   "metadata": {},
   "outputs": [
    {
     "data": {
      "text/html": [
       "<div>\n",
       "<style scoped>\n",
       "    .dataframe tbody tr th:only-of-type {\n",
       "        vertical-align: middle;\n",
       "    }\n",
       "\n",
       "    .dataframe tbody tr th {\n",
       "        vertical-align: top;\n",
       "    }\n",
       "\n",
       "    .dataframe thead th {\n",
       "        text-align: right;\n",
       "    }\n",
       "</style>\n",
       "<table border=\"1\" class=\"dataframe\">\n",
       "  <thead>\n",
       "    <tr style=\"text-align: right;\">\n",
       "      <th></th>\n",
       "      <th>0</th>\n",
       "      <th>1</th>\n",
       "      <th>2</th>\n",
       "      <th>3</th>\n",
       "      <th>4</th>\n",
       "      <th>5</th>\n",
       "      <th>6</th>\n",
       "      <th>7</th>\n",
       "      <th>8</th>\n",
       "      <th>9</th>\n",
       "      <th>10</th>\n",
       "      <th>11</th>\n",
       "      <th>12</th>\n",
       "      <th>13</th>\n",
       "      <th>14</th>\n",
       "      <th>15</th>\n",
       "      <th>16</th>\n",
       "      <th>17</th>\n",
       "      <th>18</th>\n",
       "    </tr>\n",
       "  </thead>\n",
       "  <tbody>\n",
       "    <tr>\n",
       "      <th>0</th>\n",
       "      <td>1.000000</td>\n",
       "      <td>0.958311</td>\n",
       "      <td>0.784894</td>\n",
       "      <td>0.750898</td>\n",
       "      <td>0.836013</td>\n",
       "      <td>0.909610</td>\n",
       "      <td>0.443312</td>\n",
       "      <td>0.779016</td>\n",
       "      <td>0.882567</td>\n",
       "      <td>0.476087</td>\n",
       "      <td>0.787613</td>\n",
       "      <td>0.628203</td>\n",
       "      <td>0.859364</td>\n",
       "      <td>0.690081</td>\n",
       "      <td>0.961685</td>\n",
       "      <td>0.953419</td>\n",
       "      <td>0.758042</td>\n",
       "      <td>0.777815</td>\n",
       "      <td>0.360136</td>\n",
       "    </tr>\n",
       "    <tr>\n",
       "      <th>1</th>\n",
       "      <td>0.958311</td>\n",
       "      <td>1.000000</td>\n",
       "      <td>0.874837</td>\n",
       "      <td>0.871103</td>\n",
       "      <td>0.877701</td>\n",
       "      <td>0.870306</td>\n",
       "      <td>0.477074</td>\n",
       "      <td>0.799719</td>\n",
       "      <td>0.952296</td>\n",
       "      <td>0.496290</td>\n",
       "      <td>0.739208</td>\n",
       "      <td>0.751447</td>\n",
       "      <td>0.850682</td>\n",
       "      <td>0.757502</td>\n",
       "      <td>0.951492</td>\n",
       "      <td>0.905831</td>\n",
       "      <td>0.758561</td>\n",
       "      <td>0.775332</td>\n",
       "      <td>0.372473</td>\n",
       "    </tr>\n",
       "    <tr>\n",
       "      <th>2</th>\n",
       "      <td>0.784894</td>\n",
       "      <td>0.874837</td>\n",
       "      <td>1.000000</td>\n",
       "      <td>0.929969</td>\n",
       "      <td>0.801248</td>\n",
       "      <td>0.710561</td>\n",
       "      <td>0.479139</td>\n",
       "      <td>0.675438</td>\n",
       "      <td>0.911842</td>\n",
       "      <td>0.385793</td>\n",
       "      <td>0.623514</td>\n",
       "      <td>0.770594</td>\n",
       "      <td>0.711055</td>\n",
       "      <td>0.682425</td>\n",
       "      <td>0.792938</td>\n",
       "      <td>0.722477</td>\n",
       "      <td>0.584463</td>\n",
       "      <td>0.596591</td>\n",
       "      <td>0.473389</td>\n",
       "    </tr>\n",
       "    <tr>\n",
       "      <th>3</th>\n",
       "      <td>0.750898</td>\n",
       "      <td>0.871103</td>\n",
       "      <td>0.929969</td>\n",
       "      <td>1.000000</td>\n",
       "      <td>0.829335</td>\n",
       "      <td>0.687355</td>\n",
       "      <td>0.432290</td>\n",
       "      <td>0.684229</td>\n",
       "      <td>0.905404</td>\n",
       "      <td>0.383432</td>\n",
       "      <td>0.617860</td>\n",
       "      <td>0.872962</td>\n",
       "      <td>0.685973</td>\n",
       "      <td>0.728406</td>\n",
       "      <td>0.747456</td>\n",
       "      <td>0.708247</td>\n",
       "      <td>0.598572</td>\n",
       "      <td>0.655475</td>\n",
       "      <td>0.339932</td>\n",
       "    </tr>\n",
       "    <tr>\n",
       "      <th>4</th>\n",
       "      <td>0.836013</td>\n",
       "      <td>0.877701</td>\n",
       "      <td>0.801248</td>\n",
       "      <td>0.829335</td>\n",
       "      <td>1.000000</td>\n",
       "      <td>0.885505</td>\n",
       "      <td>0.596076</td>\n",
       "      <td>0.888559</td>\n",
       "      <td>0.880477</td>\n",
       "      <td>0.588611</td>\n",
       "      <td>0.705664</td>\n",
       "      <td>0.824397</td>\n",
       "      <td>0.852317</td>\n",
       "      <td>0.901532</td>\n",
       "      <td>0.811049</td>\n",
       "      <td>0.855754</td>\n",
       "      <td>0.775315</td>\n",
       "      <td>0.799787</td>\n",
       "      <td>0.362420</td>\n",
       "    </tr>\n",
       "    <tr>\n",
       "      <th>5</th>\n",
       "      <td>0.909610</td>\n",
       "      <td>0.870306</td>\n",
       "      <td>0.710561</td>\n",
       "      <td>0.687355</td>\n",
       "      <td>0.885505</td>\n",
       "      <td>1.000000</td>\n",
       "      <td>0.583772</td>\n",
       "      <td>0.920371</td>\n",
       "      <td>0.829284</td>\n",
       "      <td>0.672958</td>\n",
       "      <td>0.781285</td>\n",
       "      <td>0.672889</td>\n",
       "      <td>0.953977</td>\n",
       "      <td>0.801161</td>\n",
       "      <td>0.867171</td>\n",
       "      <td>0.967338</td>\n",
       "      <td>0.863828</td>\n",
       "      <td>0.841370</td>\n",
       "      <td>0.341571</td>\n",
       "    </tr>\n",
       "    <tr>\n",
       "      <th>6</th>\n",
       "      <td>0.443312</td>\n",
       "      <td>0.477074</td>\n",
       "      <td>0.479139</td>\n",
       "      <td>0.432290</td>\n",
       "      <td>0.596076</td>\n",
       "      <td>0.583772</td>\n",
       "      <td>1.000000</td>\n",
       "      <td>0.694607</td>\n",
       "      <td>0.496671</td>\n",
       "      <td>0.611809</td>\n",
       "      <td>0.360078</td>\n",
       "      <td>0.556087</td>\n",
       "      <td>0.578984</td>\n",
       "      <td>0.628555</td>\n",
       "      <td>0.452508</td>\n",
       "      <td>0.519684</td>\n",
       "      <td>0.609174</td>\n",
       "      <td>0.514016</td>\n",
       "      <td>0.374907</td>\n",
       "    </tr>\n",
       "    <tr>\n",
       "      <th>7</th>\n",
       "      <td>0.779016</td>\n",
       "      <td>0.799719</td>\n",
       "      <td>0.675438</td>\n",
       "      <td>0.684229</td>\n",
       "      <td>0.888559</td>\n",
       "      <td>0.920371</td>\n",
       "      <td>0.694607</td>\n",
       "      <td>1.000000</td>\n",
       "      <td>0.792400</td>\n",
       "      <td>0.749435</td>\n",
       "      <td>0.679915</td>\n",
       "      <td>0.771197</td>\n",
       "      <td>0.923101</td>\n",
       "      <td>0.931398</td>\n",
       "      <td>0.767102</td>\n",
       "      <td>0.876492</td>\n",
       "      <td>0.916057</td>\n",
       "      <td>0.842758</td>\n",
       "      <td>0.326803</td>\n",
       "    </tr>\n",
       "    <tr>\n",
       "      <th>8</th>\n",
       "      <td>0.882567</td>\n",
       "      <td>0.952296</td>\n",
       "      <td>0.911842</td>\n",
       "      <td>0.905404</td>\n",
       "      <td>0.880477</td>\n",
       "      <td>0.829284</td>\n",
       "      <td>0.496671</td>\n",
       "      <td>0.792400</td>\n",
       "      <td>1.000000</td>\n",
       "      <td>0.495318</td>\n",
       "      <td>0.753970</td>\n",
       "      <td>0.810465</td>\n",
       "      <td>0.838586</td>\n",
       "      <td>0.783701</td>\n",
       "      <td>0.888682</td>\n",
       "      <td>0.852868</td>\n",
       "      <td>0.700492</td>\n",
       "      <td>0.712170</td>\n",
       "      <td>0.380092</td>\n",
       "    </tr>\n",
       "    <tr>\n",
       "      <th>9</th>\n",
       "      <td>0.476087</td>\n",
       "      <td>0.496290</td>\n",
       "      <td>0.385793</td>\n",
       "      <td>0.383432</td>\n",
       "      <td>0.588611</td>\n",
       "      <td>0.672958</td>\n",
       "      <td>0.611809</td>\n",
       "      <td>0.749435</td>\n",
       "      <td>0.495318</td>\n",
       "      <td>1.000000</td>\n",
       "      <td>0.494319</td>\n",
       "      <td>0.540847</td>\n",
       "      <td>0.747032</td>\n",
       "      <td>0.660076</td>\n",
       "      <td>0.490762</td>\n",
       "      <td>0.612576</td>\n",
       "      <td>0.702320</td>\n",
       "      <td>0.645912</td>\n",
       "      <td>0.153976</td>\n",
       "    </tr>\n",
       "    <tr>\n",
       "      <th>10</th>\n",
       "      <td>0.787613</td>\n",
       "      <td>0.739208</td>\n",
       "      <td>0.623514</td>\n",
       "      <td>0.617860</td>\n",
       "      <td>0.705664</td>\n",
       "      <td>0.781285</td>\n",
       "      <td>0.360078</td>\n",
       "      <td>0.679915</td>\n",
       "      <td>0.753970</td>\n",
       "      <td>0.494319</td>\n",
       "      <td>1.000000</td>\n",
       "      <td>0.543492</td>\n",
       "      <td>0.811043</td>\n",
       "      <td>0.580553</td>\n",
       "      <td>0.791627</td>\n",
       "      <td>0.857520</td>\n",
       "      <td>0.602110</td>\n",
       "      <td>0.668962</td>\n",
       "      <td>0.195323</td>\n",
       "    </tr>\n",
       "    <tr>\n",
       "      <th>11</th>\n",
       "      <td>0.628203</td>\n",
       "      <td>0.751447</td>\n",
       "      <td>0.770594</td>\n",
       "      <td>0.872962</td>\n",
       "      <td>0.824397</td>\n",
       "      <td>0.672889</td>\n",
       "      <td>0.556087</td>\n",
       "      <td>0.771197</td>\n",
       "      <td>0.810465</td>\n",
       "      <td>0.540847</td>\n",
       "      <td>0.543492</td>\n",
       "      <td>1.000000</td>\n",
       "      <td>0.691665</td>\n",
       "      <td>0.848741</td>\n",
       "      <td>0.624740</td>\n",
       "      <td>0.660668</td>\n",
       "      <td>0.656404</td>\n",
       "      <td>0.670604</td>\n",
       "      <td>0.232794</td>\n",
       "    </tr>\n",
       "    <tr>\n",
       "      <th>12</th>\n",
       "      <td>0.859364</td>\n",
       "      <td>0.850682</td>\n",
       "      <td>0.711055</td>\n",
       "      <td>0.685973</td>\n",
       "      <td>0.852317</td>\n",
       "      <td>0.953977</td>\n",
       "      <td>0.578984</td>\n",
       "      <td>0.923101</td>\n",
       "      <td>0.838586</td>\n",
       "      <td>0.747032</td>\n",
       "      <td>0.811043</td>\n",
       "      <td>0.691665</td>\n",
       "      <td>1.000000</td>\n",
       "      <td>0.815479</td>\n",
       "      <td>0.858545</td>\n",
       "      <td>0.948201</td>\n",
       "      <td>0.857950</td>\n",
       "      <td>0.805506</td>\n",
       "      <td>0.329283</td>\n",
       "    </tr>\n",
       "    <tr>\n",
       "      <th>13</th>\n",
       "      <td>0.690081</td>\n",
       "      <td>0.757502</td>\n",
       "      <td>0.682425</td>\n",
       "      <td>0.728406</td>\n",
       "      <td>0.901532</td>\n",
       "      <td>0.801161</td>\n",
       "      <td>0.628555</td>\n",
       "      <td>0.931398</td>\n",
       "      <td>0.783701</td>\n",
       "      <td>0.660076</td>\n",
       "      <td>0.580553</td>\n",
       "      <td>0.848741</td>\n",
       "      <td>0.815479</td>\n",
       "      <td>1.000000</td>\n",
       "      <td>0.671918</td>\n",
       "      <td>0.763284</td>\n",
       "      <td>0.814010</td>\n",
       "      <td>0.751835</td>\n",
       "      <td>0.279779</td>\n",
       "    </tr>\n",
       "    <tr>\n",
       "      <th>14</th>\n",
       "      <td>0.961685</td>\n",
       "      <td>0.951492</td>\n",
       "      <td>0.792938</td>\n",
       "      <td>0.747456</td>\n",
       "      <td>0.811049</td>\n",
       "      <td>0.867171</td>\n",
       "      <td>0.452508</td>\n",
       "      <td>0.767102</td>\n",
       "      <td>0.888682</td>\n",
       "      <td>0.490762</td>\n",
       "      <td>0.791627</td>\n",
       "      <td>0.624740</td>\n",
       "      <td>0.858545</td>\n",
       "      <td>0.671918</td>\n",
       "      <td>1.000000</td>\n",
       "      <td>0.920308</td>\n",
       "      <td>0.728336</td>\n",
       "      <td>0.733368</td>\n",
       "      <td>0.372630</td>\n",
       "    </tr>\n",
       "    <tr>\n",
       "      <th>15</th>\n",
       "      <td>0.953419</td>\n",
       "      <td>0.905831</td>\n",
       "      <td>0.722477</td>\n",
       "      <td>0.708247</td>\n",
       "      <td>0.855754</td>\n",
       "      <td>0.967338</td>\n",
       "      <td>0.519684</td>\n",
       "      <td>0.876492</td>\n",
       "      <td>0.852868</td>\n",
       "      <td>0.612576</td>\n",
       "      <td>0.857520</td>\n",
       "      <td>0.660668</td>\n",
       "      <td>0.948201</td>\n",
       "      <td>0.763284</td>\n",
       "      <td>0.920308</td>\n",
       "      <td>1.000000</td>\n",
       "      <td>0.831951</td>\n",
       "      <td>0.827179</td>\n",
       "      <td>0.304177</td>\n",
       "    </tr>\n",
       "    <tr>\n",
       "      <th>16</th>\n",
       "      <td>0.758042</td>\n",
       "      <td>0.758561</td>\n",
       "      <td>0.584463</td>\n",
       "      <td>0.598572</td>\n",
       "      <td>0.775315</td>\n",
       "      <td>0.863828</td>\n",
       "      <td>0.609174</td>\n",
       "      <td>0.916057</td>\n",
       "      <td>0.700492</td>\n",
       "      <td>0.702320</td>\n",
       "      <td>0.602110</td>\n",
       "      <td>0.656404</td>\n",
       "      <td>0.857950</td>\n",
       "      <td>0.814010</td>\n",
       "      <td>0.728336</td>\n",
       "      <td>0.831951</td>\n",
       "      <td>1.000000</td>\n",
       "      <td>0.833998</td>\n",
       "      <td>0.276513</td>\n",
       "    </tr>\n",
       "    <tr>\n",
       "      <th>17</th>\n",
       "      <td>0.777815</td>\n",
       "      <td>0.775332</td>\n",
       "      <td>0.596591</td>\n",
       "      <td>0.655475</td>\n",
       "      <td>0.799787</td>\n",
       "      <td>0.841370</td>\n",
       "      <td>0.514016</td>\n",
       "      <td>0.842758</td>\n",
       "      <td>0.712170</td>\n",
       "      <td>0.645912</td>\n",
       "      <td>0.668962</td>\n",
       "      <td>0.670604</td>\n",
       "      <td>0.805506</td>\n",
       "      <td>0.751835</td>\n",
       "      <td>0.733368</td>\n",
       "      <td>0.827179</td>\n",
       "      <td>0.833998</td>\n",
       "      <td>1.000000</td>\n",
       "      <td>0.232180</td>\n",
       "    </tr>\n",
       "    <tr>\n",
       "      <th>18</th>\n",
       "      <td>0.360136</td>\n",
       "      <td>0.372473</td>\n",
       "      <td>0.473389</td>\n",
       "      <td>0.339932</td>\n",
       "      <td>0.362420</td>\n",
       "      <td>0.341571</td>\n",
       "      <td>0.374907</td>\n",
       "      <td>0.326803</td>\n",
       "      <td>0.380092</td>\n",
       "      <td>0.153976</td>\n",
       "      <td>0.195323</td>\n",
       "      <td>0.232794</td>\n",
       "      <td>0.329283</td>\n",
       "      <td>0.279779</td>\n",
       "      <td>0.372630</td>\n",
       "      <td>0.304177</td>\n",
       "      <td>0.276513</td>\n",
       "      <td>0.232180</td>\n",
       "      <td>1.000000</td>\n",
       "    </tr>\n",
       "  </tbody>\n",
       "</table>\n",
       "</div>"
      ],
      "text/plain": [
       "          0         1         2         3         4         5         6   \\\n",
       "0   1.000000  0.958311  0.784894  0.750898  0.836013  0.909610  0.443312   \n",
       "1   0.958311  1.000000  0.874837  0.871103  0.877701  0.870306  0.477074   \n",
       "2   0.784894  0.874837  1.000000  0.929969  0.801248  0.710561  0.479139   \n",
       "3   0.750898  0.871103  0.929969  1.000000  0.829335  0.687355  0.432290   \n",
       "4   0.836013  0.877701  0.801248  0.829335  1.000000  0.885505  0.596076   \n",
       "5   0.909610  0.870306  0.710561  0.687355  0.885505  1.000000  0.583772   \n",
       "6   0.443312  0.477074  0.479139  0.432290  0.596076  0.583772  1.000000   \n",
       "7   0.779016  0.799719  0.675438  0.684229  0.888559  0.920371  0.694607   \n",
       "8   0.882567  0.952296  0.911842  0.905404  0.880477  0.829284  0.496671   \n",
       "9   0.476087  0.496290  0.385793  0.383432  0.588611  0.672958  0.611809   \n",
       "10  0.787613  0.739208  0.623514  0.617860  0.705664  0.781285  0.360078   \n",
       "11  0.628203  0.751447  0.770594  0.872962  0.824397  0.672889  0.556087   \n",
       "12  0.859364  0.850682  0.711055  0.685973  0.852317  0.953977  0.578984   \n",
       "13  0.690081  0.757502  0.682425  0.728406  0.901532  0.801161  0.628555   \n",
       "14  0.961685  0.951492  0.792938  0.747456  0.811049  0.867171  0.452508   \n",
       "15  0.953419  0.905831  0.722477  0.708247  0.855754  0.967338  0.519684   \n",
       "16  0.758042  0.758561  0.584463  0.598572  0.775315  0.863828  0.609174   \n",
       "17  0.777815  0.775332  0.596591  0.655475  0.799787  0.841370  0.514016   \n",
       "18  0.360136  0.372473  0.473389  0.339932  0.362420  0.341571  0.374907   \n",
       "\n",
       "          7         8         9         10        11        12        13  \\\n",
       "0   0.779016  0.882567  0.476087  0.787613  0.628203  0.859364  0.690081   \n",
       "1   0.799719  0.952296  0.496290  0.739208  0.751447  0.850682  0.757502   \n",
       "2   0.675438  0.911842  0.385793  0.623514  0.770594  0.711055  0.682425   \n",
       "3   0.684229  0.905404  0.383432  0.617860  0.872962  0.685973  0.728406   \n",
       "4   0.888559  0.880477  0.588611  0.705664  0.824397  0.852317  0.901532   \n",
       "5   0.920371  0.829284  0.672958  0.781285  0.672889  0.953977  0.801161   \n",
       "6   0.694607  0.496671  0.611809  0.360078  0.556087  0.578984  0.628555   \n",
       "7   1.000000  0.792400  0.749435  0.679915  0.771197  0.923101  0.931398   \n",
       "8   0.792400  1.000000  0.495318  0.753970  0.810465  0.838586  0.783701   \n",
       "9   0.749435  0.495318  1.000000  0.494319  0.540847  0.747032  0.660076   \n",
       "10  0.679915  0.753970  0.494319  1.000000  0.543492  0.811043  0.580553   \n",
       "11  0.771197  0.810465  0.540847  0.543492  1.000000  0.691665  0.848741   \n",
       "12  0.923101  0.838586  0.747032  0.811043  0.691665  1.000000  0.815479   \n",
       "13  0.931398  0.783701  0.660076  0.580553  0.848741  0.815479  1.000000   \n",
       "14  0.767102  0.888682  0.490762  0.791627  0.624740  0.858545  0.671918   \n",
       "15  0.876492  0.852868  0.612576  0.857520  0.660668  0.948201  0.763284   \n",
       "16  0.916057  0.700492  0.702320  0.602110  0.656404  0.857950  0.814010   \n",
       "17  0.842758  0.712170  0.645912  0.668962  0.670604  0.805506  0.751835   \n",
       "18  0.326803  0.380092  0.153976  0.195323  0.232794  0.329283  0.279779   \n",
       "\n",
       "          14        15        16        17        18  \n",
       "0   0.961685  0.953419  0.758042  0.777815  0.360136  \n",
       "1   0.951492  0.905831  0.758561  0.775332  0.372473  \n",
       "2   0.792938  0.722477  0.584463  0.596591  0.473389  \n",
       "3   0.747456  0.708247  0.598572  0.655475  0.339932  \n",
       "4   0.811049  0.855754  0.775315  0.799787  0.362420  \n",
       "5   0.867171  0.967338  0.863828  0.841370  0.341571  \n",
       "6   0.452508  0.519684  0.609174  0.514016  0.374907  \n",
       "7   0.767102  0.876492  0.916057  0.842758  0.326803  \n",
       "8   0.888682  0.852868  0.700492  0.712170  0.380092  \n",
       "9   0.490762  0.612576  0.702320  0.645912  0.153976  \n",
       "10  0.791627  0.857520  0.602110  0.668962  0.195323  \n",
       "11  0.624740  0.660668  0.656404  0.670604  0.232794  \n",
       "12  0.858545  0.948201  0.857950  0.805506  0.329283  \n",
       "13  0.671918  0.763284  0.814010  0.751835  0.279779  \n",
       "14  1.000000  0.920308  0.728336  0.733368  0.372630  \n",
       "15  0.920308  1.000000  0.831951  0.827179  0.304177  \n",
       "16  0.728336  0.831951  1.000000  0.833998  0.276513  \n",
       "17  0.733368  0.827179  0.833998  1.000000  0.232180  \n",
       "18  0.372630  0.304177  0.276513  0.232180  1.000000  "
      ]
